```python
from google.colab import drive
drive.mount('/content/drive')
```


```python
!jupyter nbconvert --to markdown "/content/drive/MyDrive/구름 생성AI/구름exp/데일리미션/26.02.04 데일리미션.ipynb"
```

#**Plotly 버튼을 생성하고 튜닝하기**


```python
import plotly.graph_objects as px

fig = px.Figure()

# 오전 데이터
fig.add_trace(px.Bar(x = ['월', '화', '수', '목', '금'], y = [10, 20, 15, 10, 25], name = "오전"))
# 오후 데이터
fig.add_trace(px.Bar(x = ['월', '화', '수', '목', '금'], y = [25, 15, 30, 20, 15], name = "오후"))

fig.update_layout(
    updatemenus=[
        dict(
            type="buttons",
            buttons=[
                dict(args = [{"visible": [True, False]}, {"title": "오전 매출 현황"}],
                     label = "오전만 보기",
                     method = "update"
                     ),
                dict(args = [{"visible": [False, True]}, {"title": "오후 매출 현황"}],
                     label = "오후만 보기",
                     method = "update"
                     ),
                dict(args = [{"visible": [True, True]}, {"title": "전체 매출 현황"}],
                     label = "전체 보기",
                     method = "update"
                     )
            ]
        )
    ]
)
fig.show()
```


<html>
<head><meta charset="utf-8" /></head>
<body>
    <div>            <script src="https://cdnjs.cloudflare.com/ajax/libs/mathjax/2.7.5/MathJax.js?config=TeX-AMS-MML_SVG"></script><script type="text/javascript">if (window.MathJax && window.MathJax.Hub && window.MathJax.Hub.Config) {window.MathJax.Hub.Config({SVG: {font: "STIX-Web"}});}</script>                <script type="text/javascript">window.PlotlyConfig = {MathJaxConfig: 'local'};</script>
        <script charset="utf-8" src="https://cdn.plot.ly/plotly-2.35.2.min.js"></script>                <div id="a8060e5e-fc84-4398-86fe-e1cb3017809e" class="plotly-graph-div" style="height:525px; width:100%;"></div>            <script type="text/javascript">                                    window.PLOTLYENV=window.PLOTLYENV || {};                                    if (document.getElementById("a8060e5e-fc84-4398-86fe-e1cb3017809e")) {                    Plotly.newPlot(                        "a8060e5e-fc84-4398-86fe-e1cb3017809e",                        [{"name":"오전","x":["월","화","수","목","금"],"y":[10,20,15,10,25],"type":"bar"},{"name":"오후","x":["월","화","수","목","금"],"y":[25,15,30,20,15],"type":"bar"}],                        {"template":{"data":{"histogram2dcontour":[{"type":"histogram2dcontour","colorbar":{"outlinewidth":0,"ticks":""},"colorscale":[[0.0,"#0d0887"],[0.1111111111111111,"#46039f"],[0.2222222222222222,"#7201a8"],[0.3333333333333333,"#9c179e"],[0.4444444444444444,"#bd3786"],[0.5555555555555556,"#d8576b"],[0.6666666666666666,"#ed7953"],[0.7777777777777778,"#fb9f3a"],[0.8888888888888888,"#fdca26"],[1.0,"#f0f921"]]}],"choropleth":[{"type":"choropleth","colorbar":{"outlinewidth":0,"ticks":""}}],"histogram2d":[{"type":"histogram2d","colorbar":{"outlinewidth":0,"ticks":""},"colorscale":[[0.0,"#0d0887"],[0.1111111111111111,"#46039f"],[0.2222222222222222,"#7201a8"],[0.3333333333333333,"#9c179e"],[0.4444444444444444,"#bd3786"],[0.5555555555555556,"#d8576b"],[0.6666666666666666,"#ed7953"],[0.7777777777777778,"#fb9f3a"],[0.8888888888888888,"#fdca26"],[1.0,"#f0f921"]]}],"heatmap":[{"type":"heatmap","colorbar":{"outlinewidth":0,"ticks":""},"colorscale":[[0.0,"#0d0887"],[0.1111111111111111,"#46039f"],[0.2222222222222222,"#7201a8"],[0.3333333333333333,"#9c179e"],[0.4444444444444444,"#bd3786"],[0.5555555555555556,"#d8576b"],[0.6666666666666666,"#ed7953"],[0.7777777777777778,"#fb9f3a"],[0.8888888888888888,"#fdca26"],[1.0,"#f0f921"]]}],"heatmapgl":[{"type":"heatmapgl","colorbar":{"outlinewidth":0,"ticks":""},"colorscale":[[0.0,"#0d0887"],[0.1111111111111111,"#46039f"],[0.2222222222222222,"#7201a8"],[0.3333333333333333,"#9c179e"],[0.4444444444444444,"#bd3786"],[0.5555555555555556,"#d8576b"],[0.6666666666666666,"#ed7953"],[0.7777777777777778,"#fb9f3a"],[0.8888888888888888,"#fdca26"],[1.0,"#f0f921"]]}],"contourcarpet":[{"type":"contourcarpet","colorbar":{"outlinewidth":0,"ticks":""}}],"contour":[{"type":"contour","colorbar":{"outlinewidth":0,"ticks":""},"colorscale":[[0.0,"#0d0887"],[0.1111111111111111,"#46039f"],[0.2222222222222222,"#7201a8"],[0.3333333333333333,"#9c179e"],[0.4444444444444444,"#bd3786"],[0.5555555555555556,"#d8576b"],[0.6666666666666666,"#ed7953"],[0.7777777777777778,"#fb9f3a"],[0.8888888888888888,"#fdca26"],[1.0,"#f0f921"]]}],"surface":[{"type":"surface","colorbar":{"outlinewidth":0,"ticks":""},"colorscale":[[0.0,"#0d0887"],[0.1111111111111111,"#46039f"],[0.2222222222222222,"#7201a8"],[0.3333333333333333,"#9c179e"],[0.4444444444444444,"#bd3786"],[0.5555555555555556,"#d8576b"],[0.6666666666666666,"#ed7953"],[0.7777777777777778,"#fb9f3a"],[0.8888888888888888,"#fdca26"],[1.0,"#f0f921"]]}],"mesh3d":[{"type":"mesh3d","colorbar":{"outlinewidth":0,"ticks":""}}],"scatter":[{"fillpattern":{"fillmode":"overlay","size":10,"solidity":0.2},"type":"scatter"}],"parcoords":[{"type":"parcoords","line":{"colorbar":{"outlinewidth":0,"ticks":""}}}],"scatterpolargl":[{"type":"scatterpolargl","marker":{"colorbar":{"outlinewidth":0,"ticks":""}}}],"bar":[{"error_x":{"color":"#2a3f5f"},"error_y":{"color":"#2a3f5f"},"marker":{"line":{"color":"#E5ECF6","width":0.5},"pattern":{"fillmode":"overlay","size":10,"solidity":0.2}},"type":"bar"}],"scattergeo":[{"type":"scattergeo","marker":{"colorbar":{"outlinewidth":0,"ticks":""}}}],"scatterpolar":[{"type":"scatterpolar","marker":{"colorbar":{"outlinewidth":0,"ticks":""}}}],"histogram":[{"marker":{"pattern":{"fillmode":"overlay","size":10,"solidity":0.2}},"type":"histogram"}],"scattergl":[{"type":"scattergl","marker":{"colorbar":{"outlinewidth":0,"ticks":""}}}],"scatter3d":[{"type":"scatter3d","line":{"colorbar":{"outlinewidth":0,"ticks":""}},"marker":{"colorbar":{"outlinewidth":0,"ticks":""}}}],"scattermapbox":[{"type":"scattermapbox","marker":{"colorbar":{"outlinewidth":0,"ticks":""}}}],"scatterternary":[{"type":"scatterternary","marker":{"colorbar":{"outlinewidth":0,"ticks":""}}}],"scattercarpet":[{"type":"scattercarpet","marker":{"colorbar":{"outlinewidth":0,"ticks":""}}}],"carpet":[{"aaxis":{"endlinecolor":"#2a3f5f","gridcolor":"white","linecolor":"white","minorgridcolor":"white","startlinecolor":"#2a3f5f"},"baxis":{"endlinecolor":"#2a3f5f","gridcolor":"white","linecolor":"white","minorgridcolor":"white","startlinecolor":"#2a3f5f"},"type":"carpet"}],"table":[{"cells":{"fill":{"color":"#EBF0F8"},"line":{"color":"white"}},"header":{"fill":{"color":"#C8D4E3"},"line":{"color":"white"}},"type":"table"}],"barpolar":[{"marker":{"line":{"color":"#E5ECF6","width":0.5},"pattern":{"fillmode":"overlay","size":10,"solidity":0.2}},"type":"barpolar"}],"pie":[{"automargin":true,"type":"pie"}]},"layout":{"autotypenumbers":"strict","colorway":["#636efa","#EF553B","#00cc96","#ab63fa","#FFA15A","#19d3f3","#FF6692","#B6E880","#FF97FF","#FECB52"],"font":{"color":"#2a3f5f"},"hovermode":"closest","hoverlabel":{"align":"left"},"paper_bgcolor":"white","plot_bgcolor":"#E5ECF6","polar":{"bgcolor":"#E5ECF6","angularaxis":{"gridcolor":"white","linecolor":"white","ticks":""},"radialaxis":{"gridcolor":"white","linecolor":"white","ticks":""}},"ternary":{"bgcolor":"#E5ECF6","aaxis":{"gridcolor":"white","linecolor":"white","ticks":""},"baxis":{"gridcolor":"white","linecolor":"white","ticks":""},"caxis":{"gridcolor":"white","linecolor":"white","ticks":""}},"coloraxis":{"colorbar":{"outlinewidth":0,"ticks":""}},"colorscale":{"sequential":[[0.0,"#0d0887"],[0.1111111111111111,"#46039f"],[0.2222222222222222,"#7201a8"],[0.3333333333333333,"#9c179e"],[0.4444444444444444,"#bd3786"],[0.5555555555555556,"#d8576b"],[0.6666666666666666,"#ed7953"],[0.7777777777777778,"#fb9f3a"],[0.8888888888888888,"#fdca26"],[1.0,"#f0f921"]],"sequentialminus":[[0.0,"#0d0887"],[0.1111111111111111,"#46039f"],[0.2222222222222222,"#7201a8"],[0.3333333333333333,"#9c179e"],[0.4444444444444444,"#bd3786"],[0.5555555555555556,"#d8576b"],[0.6666666666666666,"#ed7953"],[0.7777777777777778,"#fb9f3a"],[0.8888888888888888,"#fdca26"],[1.0,"#f0f921"]],"diverging":[[0,"#8e0152"],[0.1,"#c51b7d"],[0.2,"#de77ae"],[0.3,"#f1b6da"],[0.4,"#fde0ef"],[0.5,"#f7f7f7"],[0.6,"#e6f5d0"],[0.7,"#b8e186"],[0.8,"#7fbc41"],[0.9,"#4d9221"],[1,"#276419"]]},"xaxis":{"gridcolor":"white","linecolor":"white","ticks":"","title":{"standoff":15},"zerolinecolor":"white","automargin":true,"zerolinewidth":2},"yaxis":{"gridcolor":"white","linecolor":"white","ticks":"","title":{"standoff":15},"zerolinecolor":"white","automargin":true,"zerolinewidth":2},"scene":{"xaxis":{"backgroundcolor":"#E5ECF6","gridcolor":"white","linecolor":"white","showbackground":true,"ticks":"","zerolinecolor":"white","gridwidth":2},"yaxis":{"backgroundcolor":"#E5ECF6","gridcolor":"white","linecolor":"white","showbackground":true,"ticks":"","zerolinecolor":"white","gridwidth":2},"zaxis":{"backgroundcolor":"#E5ECF6","gridcolor":"white","linecolor":"white","showbackground":true,"ticks":"","zerolinecolor":"white","gridwidth":2}},"shapedefaults":{"line":{"color":"#2a3f5f"}},"annotationdefaults":{"arrowcolor":"#2a3f5f","arrowhead":0,"arrowwidth":1},"geo":{"bgcolor":"white","landcolor":"#E5ECF6","subunitcolor":"white","showland":true,"showlakes":true,"lakecolor":"white"},"title":{"x":0.05},"mapbox":{"style":"light"}}},"updatemenus":[{"buttons":[{"args":[{"visible":[true,false]},{"title":"오전 매출 현황"}],"label":"오전만 보기","method":"update"},{"args":[{"visible":[false,true]},{"title":"오후 매출 현황"}],"label":"오후만 보기","method":"update"},{"args":[{"visible":[true,true]},{"title":"전체 매출 현황"}],"label":"전체 보기","method":"update"}],"type":"buttons"}]},                        {"responsive": true}                    ).then(function(){

var gd = document.getElementById('a8060e5e-fc84-4398-86fe-e1cb3017809e');
var x = new MutationObserver(function (mutations, observer) {{
        var display = window.getComputedStyle(gd).display;
        if (!display || display === 'none') {{
            console.log([gd, 'removed!']);
            Plotly.purge(gd);
            observer.disconnect();
        }}
}});

// Listen for the removal of the full notebook cells
var notebookContainer = gd.closest('#notebook-container');
if (notebookContainer) {{
    x.observe(notebookContainer, {childList: true});
}}

// Listen for the clearing of the current output cell
var outputEl = gd.closest('.output');
if (outputEl) {{
    x.observe(outputEl, {childList: true});
}}

                        })                };                            </script>        </div>
</body>
</html>


#**Plotly 드롭다운을 생성하고 튜닝하기**


```python
import numpy as np

# 새로운 3D 데이터 만들기
x = np.linspace(-5, 5, 100)
y = np.linspace(-5, 5, 100)
x_grid, y_grid = np.meshgrid(x, y)

# sin(x^2 + y^2)
z_data = np.sin(np.sqrt(x_grid**2 + y_grid**2))


# Figure 생성
fig = px.Figure()

# Surface 추가(출처: 제미나이)
fig.add_trace(px.Surface(z = z_data,
                         colorscale=[
                         [0.0, '#E6EE9C'],
                         [0.25, '#C5E1A5'],
                         [0.5, '#B2DFDB'],
                         [0.75, '#B2EBF2'],
                         [1.0, '#E1F5FE']
    ]))

# 레이아웃 설정(출처: 제미나이)
fig.update_layout(
    title = dict(
        text = "<b>Complex Wave Simulation</b><br><span style='font-size:12px; color:gray;'>Mathematical 3D Surface Analysis</span>",
        x = 0.05,
        y = 0.95,
        font = dict(family="Arial, sans-serif", size = 24, color = "#2c3e50")
    ),
    width = 800,
    height = 850,
    autosize = False,

    # 배경을 아주 연한 회색으로 깔아서 흰색 차트 영역이 돋보이게 함
    paper_bgcolor = "#f8f9fa",
    plot_bgcolor = "white",

    # 여백 조절
    margin = dict(t = 120, b = 50, l = 50, r = 50),

    # 폰트 바꾸기
    font = dict(family = "Pretendard, Malgun Gothic, sans-serif"),

    template = "plotly_white"
)

# 3D 씬 옵션 업데이트
fig.update_scenes(
    aspectratio=dict(x=1, y=1, z=0.5),
    aspectmode="manual"
)

# 드롭다운 추가
fig.update_layout(
    updatemenus=[
        dict(
            buttons=list([
                dict(
                    args=["type", "surface"],
                    label="3D 입체 모드",
                    method="restyle"
                ),
                dict(
                    args=["type", "heatmap"],
                    label="2D 평면 모드",
                    method="restyle"
                )
            ]),
            direction="down",
            showactive=True,
            x=0.1, xanchor="left",
            y=1.1, yanchor="top"
        ),
    ]
)

# annotation(주석) 추가
fig.update_layout(
    annotations=[
        dict(text = "선택:", showarrow = False,
             x = 0, y = 1.085, yref = "paper", align = "left")
    ]
)

fig.show()
```


<html>
<head><meta charset="utf-8" /></head>
<body>
    <div>            <script src="https://cdnjs.cloudflare.com/ajax/libs/mathjax/2.7.5/MathJax.js?config=TeX-AMS-MML_SVG"></script><script type="text/javascript">if (window.MathJax && window.MathJax.Hub && window.MathJax.Hub.Config) {window.MathJax.Hub.Config({SVG: {font: "STIX-Web"}});}</script>                <script type="text/javascript">window.PlotlyConfig = {MathJaxConfig: 'local'};</script>
        <script charset="utf-8" src="https://cdn.plot.ly/plotly-2.35.2.min.js"></script>                <div id="1689b8d6-8cb2-49b5-ba89-ef92fbb32c12" class="plotly-graph-div" style="height:850px; width:800px;"></div>            <script type="text/javascript">                                    window.PLOTLYENV=window.PLOTLYENV || {};                                    if (document.getElementById("1689b8d6-8cb2-49b5-ba89-ef92fbb32c12")) {                    Plotly.newPlot(                        "1689b8d6-8cb2-49b5-ba89-ef92fbb32c12",                        [{"colorscale":[[0.0,"#E6EE9C"],[0.25,"#C5E1A5"],[0.5,"#B2DFDB"],[0.75,"#B2EBF2"],[1.0,"#E1F5FE"]],"z":[[0.7088612918380416,0.6569920930522233,0.6024005398983897,0.5454743285580687,0.48660102844045194,0.42616487490195226,0.36454372657984613,0.30210621122022246,0.23920908105240685,0.17619479579151534,0.11338934827627266,0.051100344609596095,-0.010384652496372675,-0.07079951162263716,-0.12990064934862755,-0.1874678763334071,-0.24330497624287342,-0.29724002373725217,-0.34912545029513187,-0.3988378690033175,-0.4462776715625189,-0.49136841262786923,-0.534055998204512,-0.574307696140525,-0.6121109877947406,-0.6474722807027061,-0.6804155025214588,-0.7109805967089275,-0.7392219402969454,-0.7652067037624771,-0.7890131724084034,-0.8107290478552426,-0.8304497472442491,-0.8482767165888189,-0.8643157734160597,-0.8786754924462941,-0.8914656465988168,-0.9027957141214787,-0.912773461152981,-0.9215036075723673,-0.9290865826000181,-0.9356173753154952,-0.941184484073081,-0.9458689677445706,-0.949743600814542,-0.9528721336041686,-0.9553086583081228,-0.9570970810917876,-0.9582707002037003,-0.9588518898962102,-0.9588518898962102,-0.9582707002037003,-0.9570970810917876,-0.9553086583081228,-0.9528721336041686,-0.949743600814542,-0.9458689677445706,-0.941184484073081,-0.9356173753154952,-0.9290865826000181,-0.9215036075723673,-0.912773461152981,-0.9027957141214787,-0.8914656465988168,-0.8786754924462941,-0.8643157734160597,-0.8482767165888189,-0.8304497472442491,-0.8107290478552426,-0.7890131724084034,-0.7652067037624771,-0.7392219402969454,-0.7109805967089275,-0.6804155025214588,-0.6474722807027061,-0.6121109877947406,-0.574307696140525,-0.534055998204512,-0.49136841262786923,-0.4462776715625189,-0.3988378690033175,-0.34912545029513187,-0.297240023737253,-0.24330497624287342,-0.1874678763334071,-0.12990064934862666,-0.07079951162263716,-0.010384652496372675,0.051100344609596095,0.11338934827627266,0.17619479579151534,0.23920908105240685,0.30210621122022246,0.36454372657984696,0.42616487490195226,0.48660102844045117,0.5454743285580687,0.6024005398983897,0.656992093052224,0.7088612918380416],[0.6569920930522233,0.6012245287216547,0.5429782943403734,0.48265731629616027,0.42066324779160924,0.35739219826595886,0.29323164717610045,0.2285575659938202,0.1637317692551949,0.09909951233871539,0.034987350391615796,-0.028298730490259733,-0.09047490205400156,-0.15128079818382495,-0.21048053347207704,-0.26786343798310147,-0.3232445131308965,-0.37646461642597245,-0.4273903854801007,-0.47591391406227634,-0.5219521951510355,-0.5654463478072158,-0.6063606462811474,-0.6446813710574029,-0.6804155025214594,-0.7135892786033691,-0.7442466381160319,-0.7724475715668913,-0.7982664009935626,-0.821790009872222,-0.8431160433932469,-0.8623510984162557,-0.8796089212347119,-0.8950086299302558,-0.9086729766131123,-0.9207266632634974,-0.9312947232473664,-0.9405009789159292,-0.9484665840494718,-0.9553086583081228,-0.9611390193388242,-0.9660630167891978,-0.9701784712212441,-0.9735747198218837,-0.9763317698884749,-0.9785195603345841,-0.9801973309166929,-0.9814130985217269,-0.9822032396670076,-0.9825921783309262,-0.9825921783309262,-0.9822032396670076,-0.9814130985217269,-0.9801973309166929,-0.9785195603345841,-0.9763317698884749,-0.9735747198218837,-0.9701784712212441,-0.9660630167891978,-0.9611390193388242,-0.9553086583081228,-0.9484665840494718,-0.9405009789159292,-0.9312947232473664,-0.9207266632634974,-0.9086729766131123,-0.8950086299302558,-0.8796089212347119,-0.8623510984162557,-0.8431160433932469,-0.821790009872222,-0.7982664009935626,-0.7724475715668913,-0.7442466381160319,-0.7135892786033691,-0.6804155025214594,-0.6446813710574035,-0.6063606462811474,-0.5654463478072158,-0.5219521951510355,-0.47591391406227634,-0.4273903854801007,-0.3764646164259733,-0.3232445131308965,-0.26786343798310236,-0.21048053347207704,-0.15128079818382495,-0.09047490205400245,-0.028298730490259733,0.034987350391615796,0.0990995123387145,0.1637317692551949,0.2285575659938202,0.29323164717610134,0.35739219826595886,0.42066324779160846,0.48265731629616027,0.5429782943403734,0.6012245287216554,0.6569920930522233],[0.6024005398983897,0.5429782943403734,0.48133997787894856,0.41790473252180016,0.35308719121583093,0.2872941518447773,0.22092145588384074,0.1543510954806722,0.0879485695132407,0.022060505822728442,-0.042987436623964495,-0.10689237537946177,-0.16937571520396885,-0.23018435849260716,-0.2890916155225718,-0.34589781786811574,-0.4004306414447853,-0.45254514856897593,-0.5021235611227688,-0.5490747793687352,-0.5933336631399143,-0.6348600940159036,-0.6736378386703046,-0.7096732348258863,-0.742993722174627,-0.7736462412082207,-0.8016955231635284,-0.8272222942249516,-0.8503214167547549,-0.8710999896610638,-0.8896754290842769,-0.9061735494131923,-0.9207266632634974,-0.9334717174982258,-0.9445484806801779,-0.9540977955602128,-0.9622599083643031,-0.9691728847884663,-0.9749711207858139,-0.9797839544742808,-0.983734383844783,-0.9869378934416341,-0.9895013918493959,-0.9915222606765699,-0.9930875147938073,-0.9942730728725142,-0.9951431367811159,-0.995749678125162,-0.9961320301504691,-0.9963165833447183,-0.9963165833447183,-0.9961320301504691,-0.995749678125162,-0.9951431367811159,-0.9942730728725142,-0.9930875147938073,-0.9915222606765699,-0.9895013918493959,-0.9869378934416341,-0.983734383844783,-0.9797839544742808,-0.9749711207858139,-0.9691728847884663,-0.9622599083643031,-0.9540977955602128,-0.9445484806801779,-0.9334717174982258,-0.9207266632634974,-0.9061735494131923,-0.8896754290842769,-0.8710999896610638,-0.8503214167547549,-0.8272222942249516,-0.8016955231635284,-0.7736462412082207,-0.742993722174627,-0.7096732348258863,-0.6736378386703046,-0.6348600940159036,-0.5933336631399143,-0.5490747793687352,-0.5021235611227688,-0.4525451485689767,-0.4004306414447853,-0.34589781786811574,-0.2890916155225718,-0.23018435849260716,-0.1693757152039697,-0.10689237537946177,-0.042987436623964495,0.022060505822727554,0.0879485695132407,0.1543510954806722,0.2209214558838416,0.2872941518447773,0.3530871912158301,0.41790473252180016,0.48133997787894856,0.5429782943403741,0.6024005398983897],[0.5454743285580687,0.48265731629616027,0.41790473252180016,0.351649855919928,0.28431913616342513,0.21632882066943113,0.14808180683654346,0.0799647433797036,0.012345400958584343,-0.05442967125419226,-0.120037190052395,-0.18417887438351357,-0.24658286757253925,-0.3070048435294993,-0.3652287984152512,-0.4210675326344015,-0.47436283124701145,-0.5249853539056979,-0.5728342481988236,-0.6178365027839968,-0.6599460589034093,-0.6991427007621213,-0.7354307468053894,-0.7688375651393348,-0.799411937193773,-0.8272222942249512,-0.8523548514029257,-0.8749116640322754,-0.8950086299302558,-0.9127734611529806,-0.9283436471427186,-0.9418644299975947,-0.9534868109731552,-0.9633656055515962,-0.9716575625006715,-0.9785195603345841,-0.9841068925297002,-0.988571650785519,-0.9920612136026401,-0.9947168455195958,-0.9966724105518008,-0.9980532017469791,-0.998974887345495,-0.9995425728379271,-0.9998499772654603,-0.9999787214224295,-0.9999977251970503,-0.9999627111192331,-0.9999158112575521,-0.9998852748963829,-0.9998852748963829,-0.9999158112575521,-0.9999627111192331,-0.9999977251970503,-0.9999787214224295,-0.9998499772654603,-0.9995425728379271,-0.998974887345495,-0.9980532017469791,-0.9966724105518008,-0.9947168455195958,-0.9920612136026401,-0.988571650785519,-0.9841068925297002,-0.9785195603345841,-0.9716575625006715,-0.9633656055515962,-0.9534868109731552,-0.9418644299975947,-0.9283436471427186,-0.9127734611529806,-0.8950086299302558,-0.8749116640322754,-0.8523548514029257,-0.8272222942249512,-0.799411937193773,-0.7688375651393348,-0.7354307468053894,-0.6991427007621213,-0.6599460589034093,-0.6178365027839968,-0.5728342481988236,-0.5249853539056979,-0.47436283124701145,-0.4210675326344015,-0.36522879841525036,-0.3070048435294993,-0.2465828675725401,-0.18417887438351271,-0.120037190052395,-0.05442967125419315,0.012345400958584343,0.07996474337970184,0.14808180683654434,0.21632882066943113,0.28431913616342513,0.351649855919928,0.41790473252180016,0.48265731629616104,0.5454743285580687],[0.48660102844045194,0.42066324779160924,0.35308719121583093,0.28431913616342513,0.2147961327045584,0.14494259150073874,0.0751671185795762,0.005859620312240703,-0.06261130163429002,-0.12990064934862755,-0.19568900953589646,-0.2596842078514849,-0.32162263221196163,-0.38127022436636443,-0.43842314268321686,-0.4929081026314856,-0.5445824047667873,-0.5933336631399136,-0.6390792498887715,-0.6817654743264083,-0.7213665170702687,-0.757883141648904,-0.7913412075547029,-0.821790009872222,-0.8493004713945164,-0.8739632135426526,-0.8958865324306836,-0.9151943060794157,-0.9320238580930658,-0.9465238020947075,-0.9588518898962102,-0.9691728847884663,-0.9776564795154251,-0.9844752764825282,-0.9898028455923362,-0.9938118728461994,-0.9966724105518008,-0.9985502376844227,-0.9996053367169558,-0.999990491110663,-0.9998500056934462,-0.9993185503884481,-0.998520126231167,-0.9975671513586649,-0.9965596636922956,-0.9955846363786908,-0.994715401705296,-0.9940111791587547,-0.9935167035284443,-0.9932619494448148,-0.9932619494448148,-0.9935167035284443,-0.9940111791587547,-0.994715401705296,-0.9955846363786908,-0.9965596636922956,-0.9975671513586649,-0.998520126231167,-0.9993185503884481,-0.9998500056934462,-0.999990491110663,-0.9996053367169558,-0.9985502376844227,-0.9966724105518008,-0.9938118728461994,-0.9898028455923362,-0.9844752764825282,-0.9776564795154251,-0.9691728847884663,-0.9588518898962102,-0.9465238020947075,-0.9320238580930658,-0.915194306079416,-0.8958865324306836,-0.8739632135426526,-0.8493004713945164,-0.821790009872222,-0.7913412075547029,-0.757883141648904,-0.7213665170702687,-0.6817654743264083,-0.6390792498887715,-0.5933336631399143,-0.5445824047667873,-0.4929081026314856,-0.43842314268321686,-0.38127022436636443,-0.32162263221196163,-0.2596842078514849,-0.19568900953589646,-0.12990064934862755,-0.06261130163429002,0.005859620312239815,0.07516711857957797,0.14494259150073874,0.21479613270455755,0.28431913616342513,0.35308719121583093,0.42066324779160924,0.48660102844045194],[0.42616487490195226,0.35739219826595886,0.2872941518447773,0.21632882066943113,0.14494259150073874,0.07356671070758054,0.0026141107409237145,-0.06752347167863454,-0.1364780663797351,-0.20390771424084012,-0.26949837407237015,-0.33296548462515024,-0.3940551784868121,-0.45254514856897593,-0.5082451717073332,-0.5609972975496228,-0.6106757143511863,-0.6571863064950187,-0.7004659214674774,-0.7404813666200054,-0.7772281583038075,-0.8107290478552426,-0.8410323504166558,-0.8682101036876515,-0.8923560844080554,-0.9135837106745995,-0.9320238580930658,-0.9478226172768963,-0.9611390193388242,-0.9721427548067813,-0.9810119098582415,-0.9879307419430208,-0.9930875147938073,-0.9966724105518008,-0.9988755343117245,-0.9998850238697976,-0.9998852748963828,-0.9990552892099203,-0.9975671513586649,-0.9955846363786908,-0.9932619494448148,-0.9907425962152338,-0.988158381034201,-0.9856285288355743,-0.9832589256096175,-0.9811414716714286,-0.9793535417053728,-0.9779575456472122,-0.9770005848830537,-0.9765141989585365,-0.9765141989585365,-0.9770005848830537,-0.9779575456472122,-0.9793535417053728,-0.9811414716714286,-0.9832589256096175,-0.9856285288355743,-0.988158381034201,-0.9907425962152338,-0.9932619494448148,-0.9955846363786908,-0.9975671513586649,-0.9990552892099203,-0.9998852748963828,-0.9998850238697976,-0.9988755343117245,-0.9966724105518008,-0.9930875147938073,-0.9879307419430208,-0.9810119098582415,-0.9721427548067813,-0.9611390193388242,-0.9478226172768963,-0.9320238580930658,-0.9135837106745995,-0.8923560844080554,-0.8682101036876515,-0.8410323504166558,-0.8107290478552426,-0.7772281583038075,-0.7404813666200054,-0.7004659214674774,-0.6571863064950194,-0.6106757143511863,-0.5609972975496236,-0.5082451717073324,-0.45254514856897593,-0.3940551784868121,-0.33296548462515024,-0.26949837407237015,-0.20390771424084098,-0.1364780663797351,-0.06752347167863454,0.0026141107409246027,0.07356671070758054,0.144942591500737,0.21632882066943113,0.2872941518447773,0.3573921982659597,0.42616487490195226],[0.36454372657984613,0.29323164717610045,0.22092145588384074,0.14808180683654346,0.0751671185795762,0.0026141107409237145,-0.06916136846891367,-0.13976720115507574,-0.20883752631371233,-0.27603491952737835,-0.34105221544822006,-0.40361396697204893,-0.4634775392019058,-0.5204338404056466,-0.5743076961405257,-0.6249578765026098,-0.672276790016413,-0.7161898609700611,-0.7566546099862534,-0.7936594602663283,-0.8272222942249516,-0.8573887871223715,-0.8842305457809357,-0.9078430815291837,-0.9283436471427186,-0.9458689677445706,-0.9605728953936024,-0.972624016438725,-0.9822032396670076,-0.9895013918493959,-0.9947168455195959,-0.9980532017469792,-0.9997170483265756,-0.9999158112575521,-0.9988557146703905,-0.996739861551052,-0.9937664447599296,-0.9901270950187028,-0.9860053698044744,-0.9815753845120099,-0.9770005848830537,-0.9724326576133953,-0.9680105742837183,-0.9638597623606819,-0.9600913960109115,-0.9568017988811471,-0.9540719508276321,-0.9519670908175408,-0.950536408850762,-0.9498128207233988,-0.9498128207233988,-0.950536408850762,-0.9519670908175408,-0.9540719508276321,-0.9568017988811471,-0.9600913960109115,-0.9638597623606819,-0.9680105742837183,-0.9724326576133951,-0.9770005848830537,-0.9815753845120099,-0.9860053698044744,-0.9901270950187028,-0.9937664447599296,-0.996739861551052,-0.9988557146703905,-0.9999158112575521,-0.9997170483265756,-0.9980532017469792,-0.9947168455195959,-0.9895013918493959,-0.9822032396670076,-0.972624016438725,-0.9605728953936024,-0.9458689677445706,-0.9283436471427186,-0.9078430815291837,-0.8842305457809357,-0.8573887871223715,-0.8272222942249516,-0.7936594602663277,-0.7566546099862534,-0.7161898609700611,-0.672276790016413,-0.6249578765026098,-0.574307696140525,-0.5204338404056466,-0.4634775392019066,-0.4036139669720481,-0.34105221544822006,-0.2760349195273792,-0.20883752631371233,-0.13976720115507663,-0.06916136846891278,0.0026141107409237145,0.0751671185795762,0.14808180683654346,0.22092145588384074,0.29323164717610134,0.36454372657984613],[0.30210621122022246,0.2285575659938202,0.1543510954806722,0.0799647433797036,0.005859620312240703,-0.06752347167863454,-0.13976720115507574,-0.21048053347207704,-0.27930120302956807,-0.3458978178681149,-0.40997158731573885,-0.47125766782201794,-0.529526126492292,-0.5845825261079173,-0.6362681395383396,-0.6844598053694138,-0.7290694402446705,-0.7700432268001185,-0.8073604991300254,-0.8410323504166558,-0.8710999896610638,-0.8976328763397463,-0.9207266632634974,-0.9405009789159292,-0.9570970810917876,-0.9706754137373664,-0.9814130985217269,-0.9895013918493958,-0.9951431367811159,-0.9985502376844227,-0.999941183422856,-0.9995386425509948,-0.9975671513586649,-0.9942509127545082,-0.9898117209555578,-0.9844670238196906,-0.9784281314902453,-0.9718985768881023,-0.965072630558985,-0.9581339695350869,-0.9512544972703997,-0.9445933094235466,-0.9382957983486435,-0.9324928876622942,-0.9273003872198778,-0.9228184582795815,-0.9191311785651227,-0.91630619734813,-0.9143944715317062,-0.9134300749838847,-0.9134300749838847,-0.9143944715317062,-0.91630619734813,-0.9191311785651227,-0.9228184582795815,-0.9273003872198778,-0.9324928876622942,-0.9382957983486435,-0.9445933094235464,-0.9512544972703997,-0.9581339695350869,-0.965072630558985,-0.9718985768881023,-0.9784281314902453,-0.9844670238196906,-0.9898117209555578,-0.9942509127545082,-0.9975671513586649,-0.9995386425509948,-0.999941183422856,-0.9985502376844227,-0.9951431367811159,-0.9895013918493958,-0.9814130985217269,-0.9706754137373664,-0.9570970810917876,-0.9405009789159292,-0.9207266632634974,-0.8976328763397463,-0.8710999896610638,-0.8410323504166558,-0.8073604991300254,-0.7700432268001185,-0.7290694402446705,-0.6844598053694138,-0.6362681395383396,-0.5845825261079173,-0.5295261264922928,-0.47125766782201794,-0.40997158731573885,-0.34589781786811574,-0.27930120302956807,-0.21048053347207704,-0.13976720115507485,-0.06752347167863454,0.005859620312239815,0.0799647433797036,0.1543510954806722,0.22855756599382193,0.30210621122022246],[0.23920908105240685,0.1637317692551949,0.0879485695132407,0.012345400958584343,-0.06261130163429002,-0.1364780663797351,-0.20883752631371233,-0.27930120302956807,-0.3475119145087923,-0.41314579432852483,-0.47591391406227634,-0.5355635053149473,-0.5918787823935,-0.6446813710574029,-0.6938303530662946,-0.7392219402969454,-0.7807887959904832,-0.8184990241704868,-0.8523548514029261,-0.8823910278142666,-0.9086729766131126,-0.9312947232473664,-0.9503766367522083,-0.9660630167891978,-0.9785195603345841,-0.9879307419430208,-0.99449714099563,-0.9984327483501461,-0.9999622833643549,-0.9993185503884481,-0.9967398615510521,-0.9924675500391376,-0.9867435951428885,-0.9798083771594854,-0.9718985768881023,-0.9632452309720156,-0.9540719508276324,-0.9445933094235464,-0.9350133968168901,-0.9255245422010497,-0.9163061973481297,-0.9075239738165816,-0.8993288242069458,-0.8918563561440617,-0.8852262665865006,-0.8795418835415977,-0.8748898023074512,-0.8713396039621555,-0.8689436449454537,-0.8677369081789432,-0.8677369081789432,-0.8689436449454537,-0.8713396039621555,-0.8748898023074512,-0.8795418835415977,-0.8852262665865006,-0.8918563561440617,-0.8993288242069458,-0.9075239738165816,-0.9163061973481297,-0.9255245422010497,-0.9350133968168901,-0.9445933094235464,-0.9540719508276324,-0.9632452309720156,-0.9718985768881023,-0.9798083771594854,-0.9867435951428885,-0.9924675500391376,-0.9967398615510521,-0.9993185503884481,-0.9999622833643549,-0.9984327483501461,-0.99449714099563,-0.9879307419430208,-0.9785195603345841,-0.9660630167891978,-0.9503766367522083,-0.9312947232473664,-0.9086729766131126,-0.8823910278142661,-0.8523548514029261,-0.8184990241704868,-0.7807887959904832,-0.7392219402969454,-0.693830353066294,-0.6446813710574029,-0.5918787823935007,-0.5355635053149473,-0.47591391406227634,-0.41314579432852483,-0.3475119145087923,-0.2793012030295689,-0.2088375263137106,-0.1364780663797351,-0.0626113016342909,0.012345400958584343,0.0879485695132407,0.1637317692551949,0.23920908105240685],[0.17619479579151534,0.09909951233871539,0.022060505822728442,-0.05442967125419226,-0.12990064934862755,-0.20390771424084012,-0.27603491952737835,-0.3458978178681149,-0.41314579432852483,-0.4774639899650782,-0.5385748086451192,-0.5962390049155653,-0.6502563554811599,-0.7004659214674774,-0.746745913073142,-0.7890131724084029,-0.8272222942249512,-0.8613644078193967,-0.8914656465988168,-0.9175853345939416,-0.9398139215614217,-0.9582707002037001,-0.9731013404313866,-0.9844752764825282,-0.9925829830859907,-0.9976331767090001,-0.9998499772654603,-0.9994700644929607,-0.9967398615510521,-0.9919127762779679,-0.9852465280022725,-0.9770005848830539,-0.9674337334988222,-0.9568017988811475,-0.9453555294622585,-0.9333386575518058,-0.9209861420588347,-0.9085225963181351,-0.896160900156508,-0.8841009918365946,-0.8725288323349589,-0.8616155316341573,-0.8515166244149639,-0.8423714807930516,-0.8343028366078113,-0.8274164272751893,-0.8218007093760527,-0.8175266549583122,-0.8146476049522502,-0.8131991700775237,-0.8131991700775237,-0.8146476049522502,-0.8175266549583122,-0.8218007093760527,-0.8274164272751893,-0.8343028366078113,-0.8423714807930516,-0.8515166244149639,-0.8616155316341573,-0.8725288323349589,-0.8841009918365946,-0.896160900156508,-0.9085225963181351,-0.9209861420588347,-0.9333386575518058,-0.9453555294622585,-0.9568017988811475,-0.9674337334988222,-0.9770005848830539,-0.9852465280022725,-0.9919127762779679,-0.9967398615510521,-0.9994700644929607,-0.9998499772654603,-0.9976331767090001,-0.9925829830859907,-0.9844752764825282,-0.9731013404313866,-0.9582707002037001,-0.939813921561422,-0.9175853345939416,-0.8914656465988168,-0.8613644078193972,-0.8272222942249512,-0.7890131724084034,-0.7467459130731414,-0.7004659214674774,-0.6502563554811606,-0.5962390049155653,-0.5385748086451192,-0.4774639899650782,-0.41314579432852483,-0.34589781786811574,-0.27603491952737746,-0.20390771424084012,-0.12990064934862755,-0.05442967125419226,0.022060505822728442,0.09909951233871539,0.17619479579151534],[0.11338934827627266,0.034987350391615796,-0.042987436623964495,-0.120037190052395,-0.19568900953589646,-0.26949837407237015,-0.34105221544822006,-0.40997158731573885,-0.47591391406227634,-0.5385748086451192,-0.597689453620465,-0.6530335446184485,-0.7044238004506791,-0.7517180488252281,-0.7948149012312968,-0.8336530348888764,-0.8682101036876515,-0.8985013037173747,-0.9245776222761427,-0.9465238020947079,-0.9644560549004086,-0.9785195603345841,-0.9888857876092664,-0.995749678125162,-0.9993267275623554,-0.9998500056934462,-0.9975671513586649,-0.9927373786940956,-0.9856285288355743,-0.9765141989585365,-0.9656709776931979,-0.9533758127191232,-0.9399035327469912,-0.9255245422010497,-0.9105027027956648,-0.8950934119345998,-0.8795418835415972,-0.864081632651776,-0.8489331609568632,-0.8343028366078113,-0.8203819580403783,-0.8073459885038088,-0.7953539454332744,-0.7845479268951294,-0.7750527561157246,-0.7669757246248852,-0.7604064148250015,-0.7554165838301538,-0.7520600921717984,-0.7503728633744201,-0.7503728633744201,-0.7520600921717984,-0.7554165838301538,-0.7604064148250015,-0.7669757246248852,-0.7750527561157246,-0.7845479268951294,-0.7953539454332744,-0.8073459885038082,-0.8203819580403783,-0.8343028366078113,-0.8489331609568632,-0.864081632651776,-0.8795418835415972,-0.8950934119345998,-0.9105027027956648,-0.9255245422010497,-0.9399035327469912,-0.9533758127191232,-0.9656709776931979,-0.9765141989585365,-0.9856285288355743,-0.9927373786940955,-0.9975671513586649,-0.9998500056934462,-0.9993267275623554,-0.995749678125162,-0.9888857876092664,-0.9785195603345841,-0.9644560549004089,-0.9465238020947079,-0.9245776222761427,-0.8985013037173751,-0.8682101036876515,-0.833653034888877,-0.7948149012312963,-0.7517180488252281,-0.7044238004506798,-0.6530335446184485,-0.597689453620465,-0.5385748086451192,-0.47591391406227634,-0.40997158731573885,-0.34105221544821923,-0.26949837407237015,-0.19568900953589818,-0.120037190052395,-0.042987436623964495,0.034987350391615796,0.11338934827627266],[0.051100344609596095,-0.028298730490259733,-0.10689237537946177,-0.18417887438351357,-0.2596842078514849,-0.33296548462515024,-0.40361396697204893,-0.47125766782201794,-0.5355635053149473,-0.5962390049155653,-0.6530335446184485,-0.7057391439923345,-0.7541908029373977,-0.7982664009935626,-0.837886172785338,-0.8730117796644911,-0.9036450017645373,-0.929826078462273,-0.9516317286070808,-0.9691728847884663,-0.9825921783309262,-0.9920612136026401,-0.9977776715759489,-0.9999622833643549,-0.9988557146703905,-0.994715401705296,-0.9878123781863991,-0.9784281314902453,-0.9668515239559098,-0.9533758127191235,-0.9382957983486435,-0.9219051289962067,-0.9044937828150851,-0.8863457471150009,-0.8677369081789432,-0.8489331609568637,-0.8301887430690369,-0.8117447928038011,-0.7938281261934981,-0.7766502239168039,-0.7604064148250015,-0.7452752394416297,-0.7314179739500137,-0.718978293059882,-0.7080820488134968,-0.6988371419113968,-0.6913334625378165,-0.6856428789442476,-0.6818192541699641,-0.6798984741690715,-0.6798984741690715,-0.6818192541699641,-0.6856428789442476,-0.6913334625378165,-0.6988371419113965,-0.7080820488134968,-0.718978293059882,-0.7314179739500137,-0.7452752394416293,-0.7604064148250015,-0.7766502239168039,-0.7938281261934981,-0.8117447928038011,-0.8301887430690369,-0.8489331609568637,-0.8677369081789432,-0.8863457471150009,-0.9044937828150851,-0.9219051289962067,-0.9382957983486435,-0.9533758127191235,-0.9668515239559098,-0.9784281314902452,-0.9878123781863991,-0.994715401705296,-0.9988557146703905,-0.9999622833643549,-0.9977776715759489,-0.9920612136026401,-0.9825921783309262,-0.9691728847884663,-0.9516317286070808,-0.9298260784622734,-0.9036450017645373,-0.8730117796644911,-0.837886172785338,-0.7982664009935626,-0.7541908029373983,-0.7057391439923345,-0.6530335446184485,-0.5962390049155659,-0.5355635053149473,-0.47125766782201794,-0.4036139669720481,-0.33296548462515024,-0.25968420785148577,-0.18417887438351357,-0.10689237537946177,-0.028298730490258845,0.051100344609596095],[-0.010384652496372675,-0.09047490205400156,-0.16937571520396885,-0.24658286757253925,-0.32162263221196163,-0.3940551784868121,-0.4634775392019058,-0.529526126492292,-0.5918787823935,-0.6502563554811599,-0.7044238004506791,-0.7541908029373977,-0.7994119371937725,-0.8399863693822054,-0.8758571241516357,-0.9070099367868178,-0.9334717174982254,-0.9553086583081228,-0.9726240164387248,-0.9855556110801714,-0.9942730728725142,-0.9989748873454949,-0.9998852748963829,-0.9972509506292222,-0.9913378075143282,-0.9824275658472199,-0.9708144308908612,-0.9568017988811475,-0.9406990492782369,-0.9228184582795815,-0.903472265207932,-0.8829699194930366,-0.8616155316341573,-0.8397055468286128,-0.8175266549583122,-0.795353945433275,-0.7734493101022965,-0.7520600921717986,-0.7314179739500141,-0.7117380913882361,-0.6932183589613022,-0.676038984552866,-0.6603621508187131,-0.6463318371126142,-0.6340737545743809,-0.6236953664734697,-0.6152859664159317,-0.60891678856245,-0.6046411265338263,-0.6024944411180002,-0.6024944411180002,-0.6046411265338263,-0.60891678856245,-0.6152859664159317,-0.6236953664734693,-0.6340737545743809,-0.6463318371126142,-0.6603621508187131,-0.6760389845528657,-0.6932183589613022,-0.7117380913882361,-0.7314179739500141,-0.7520600921717984,-0.7734493101022965,-0.795353945433275,-0.8175266549583122,-0.8397055468286128,-0.8616155316341573,-0.8829699194930362,-0.903472265207932,-0.9228184582795815,-0.9406990492782369,-0.9568017988811475,-0.9708144308908612,-0.9824275658472199,-0.9913378075143281,-0.9972509506292222,-0.9998852748963829,-0.9989748873454949,-0.9942730728725142,-0.9855556110801712,-0.9726240164387248,-0.9553086583081228,-0.9334717174982254,-0.9070099367868178,-0.8758571241516353,-0.8399863693822054,-0.799411937193773,-0.7541908029373977,-0.7044238004506791,-0.6502563554811606,-0.5918787823935,-0.5295261264922928,-0.46347753920190504,-0.3940551784868121,-0.32162263221196163,-0.24658286757253925,-0.16937571520396885,-0.09047490205400067,-0.010384652496372675],[-0.07079951162263716,-0.15128079818382495,-0.23018435849260716,-0.3070048435294993,-0.38127022436636443,-0.45254514856897593,-0.5204338404056466,-0.5845825261079173,-0.6446813710574029,-0.7004659